> cluster.stats(d = dissimilarity, clustering= results$cluster)
$n
[1] 8761

$cluster.number
[1] 13

$cluster.size
 [1] 2185 6170   27   26   55   57   45   51   37   37   25   24   22

$min.cluster.size
[1] 22

$noisen
[1] 0

$diameter
 [1] 1.0000 1.0000 0.4064 0.3925 0.4943 0.6134 0.7299 0.5044 0.5053 0.4222 0.3978 0.4082 0.3550

$average.distance
 [1] 0.9136697 0.8265082 0.1508707 0.1414366 0.1904048 0.1546866 0.2056551 0.1921062 0.1953227 0.1614210
[11] 0.1644580 0.1669167 0.1748048

$median.distance
 [1] 0.96750 0.92710 0.14380 0.12460 0.18150 0.13910 0.17095 0.18030 0.19155 0.15875 0.15525 0.15200 0.17190

$separation
 [1] 0.0205 0.0248 0.1137 0.0583 0.0205 0.1412 0.0644 0.0674 0.0488 0.0559 0.0559 0.0823 0.0718

$average.toother
 [1] 0.8919702 0.8966084 0.9607777 0.9408448 0.9232504 0.9532167 0.9708892 0.9281324 0.9665693 0.9364097
[11] 0.9492307 0.9279812 0.9311056

$separation.matrix
        [,1]   [,2]   [,3]   [,4]   [,5]   [,6]   [,7]   [,8]   [,9]  [,10]  [,11]  [,12]  [,13]
 [1,] 0.0000 0.0248 0.1575 0.0612 0.0205 0.2001 0.0644 0.1167 0.0488 0.1472 0.1360 0.0823 0.0731
 [2,] 0.0248 0.0000 0.1137 0.0583 0.0310 0.1412 0.0746 0.0674 0.1158 0.0559 0.0559 0.1396 0.0718
 [3,] 0.1575 0.1137 0.0000 0.8044 0.6471 0.7585 0.7740 0.6901 0.7408 0.7648 0.7718 0.6661 0.7310
 [4,] 0.0612 0.0583 0.8044 0.0000 0.3360 0.4441 0.7199 0.6858 0.8313 0.5660 0.7244 0.7036 0.7655
 [5,] 0.0205 0.0310 0.6471 0.3360 0.0000 0.4675 0.7309 0.4806 0.7968 0.5495 0.6120 0.5819 0.6969
 [6,] 0.2001 0.1412 0.7585 0.4441 0.4675 0.0000 0.6660 0.6630 0.7636 0.5499 0.5401 0.6446 0.6879
 [7,] 0.0644 0.0746 0.7740 0.7199 0.7309 0.6660 0.0000 0.5912 0.7191 0.7719 0.8389 0.6868 0.8054
 [8,] 0.1167 0.0674 0.6901 0.6858 0.4806 0.6630 0.5912 0.0000 0.3990 0.6379 0.5266 0.5973 0.6551
 [9,] 0.0488 0.1158 0.7408 0.8313 0.7968 0.7636 0.7191 0.3990 0.0000 0.8195 0.8736 0.7977 0.7405
[10,] 0.1472 0.0559 0.7648 0.5660 0.5495 0.5499 0.7719 0.6379 0.8195 0.0000 0.5485 0.7154 0.6727
[11,] 0.1360 0.0559 0.7718 0.7244 0.6120 0.5401 0.8389 0.5266 0.8736 0.5485 0.0000 0.8134 0.7102
[12,] 0.0823 0.1396 0.6661 0.7036 0.5819 0.6446 0.6868 0.5973 0.7977 0.7154 0.8134 0.0000 0.5679
[13,] 0.0731 0.0718 0.7310 0.7655 0.6969 0.6879 0.8054 0.6551 0.7405 0.6727 0.7102 0.5679 0.0000

$ave.between.matrix
           [,1]      [,2]      [,3]      [,4]      [,5]      [,6]      [,7]      [,8]      [,9]     [,10]
 [1,] 0.0000000 0.8882720 0.9584485 0.9527854 0.9309248 0.9625927 0.9674801 0.9337944 0.9597327 0.9405178
 [2,] 0.8882720 0.0000000 0.9604397 0.9354295 0.9183275 0.9487452 0.9714602 0.9240774 0.9678263 0.9330110
 [3,] 0.9584485 0.9604397 0.0000000 0.9821363 0.9636598 0.9851840 0.9924855 0.9768410 0.9846929 0.9769804
 [4,] 0.9527854 0.9354295 0.9821363 0.0000000 0.8995993 0.9437711 0.9847089 0.9665245 0.9943358 0.9571910
 [5,] 0.9309248 0.9183275 0.9636598 0.8995993 0.0000000 0.9595685 0.9806722 0.9536296 0.9890183 0.9626195
 [6,] 0.9625927 0.9487452 0.9851840 0.9437711 0.9595685 0.0000000 0.9855653 0.9715667 0.9941546 0.9658494
 [7,] 0.9674801 0.9714602 0.9924855 0.9847089 0.9806722 0.9855653 0.0000000 0.9574312 0.9841774 0.9874677
 [8,] 0.9337944 0.9240774 0.9768410 0.9665245 0.9536296 0.9715667 0.9574312 0.0000000 0.9650284 0.9607398
 [9,] 0.9597327 0.9678263 0.9846929 0.9943358 0.9890183 0.9941546 0.9841774 0.9650284 0.0000000 0.9923686
[10,] 0.9405178 0.9330110 0.9769804 0.9571910 0.9626195 0.9658494 0.9874677 0.9607398 0.9923686 0.0000000
[11,] 0.9481935 0.9480136 0.9843684 0.9774675 0.9717311 0.9754702 0.9896172 0.9658244 0.9930678 0.9436925
[12,] 0.9400511 0.9210480 0.9688350 0.9670304 0.9574757 0.9750039 0.9834903 0.9648415 0.9865839 0.9720708
[13,] 0.9319536 0.9281119 0.9860655 0.9816572 0.9688348 0.9842683 0.9899355 0.9619373 0.9826123 0.9633065
          [,11]     [,12]     [,13]
 [1,] 0.9481935 0.9400511 0.9319536
 [2,] 0.9480136 0.9210480 0.9281119
 [3,] 0.9843684 0.9688350 0.9860655
 [4,] 0.9774675 0.9670304 0.9816572
 [5,] 0.9717311 0.9574757 0.9688348
 [6,] 0.9754702 0.9750039 0.9842683
 [7,] 0.9896172 0.9834903 0.9899355
 [8,] 0.9658244 0.9648415 0.9619373
 [9,] 0.9930678 0.9865839 0.9826123
[10,] 0.9436925 0.9720708 0.9633065
[11,] 0.0000000 0.9826955 0.9708640
[12,] 0.9826955 0.0000000 0.9479246
[13,] 0.9708640 0.9479246 0.0000000

$average.between
[1] 0.8996368

$average.within
[1] 0.8359677

$n.between
[1] 16947634

$n.within
[1] 21425546

$max.diameter
[1] 1

$min.separation
[1] 0.0205

$within.cluster.ss
[1] 3203.923

$clus.avg.silwidths
          1           2           3           4           5           6           7           8           9 
-0.14283133  0.02719824  0.83729075  0.83842949  0.78121162  0.82572498  0.77701796  0.78095185  0.78141608 
         10          11          12          13 
 0.81543897  0.82104660  0.81546413  0.80347481 

$avg.silwidth
[1] 0.02075304

$g2
NULL

$g3
NULL

$pearsongamma
[1] 0.1640227

$dunn
[1] 0.0205

$dunn2
[1] 0.9722025

$entropy
[1] 0.8440735

$wb.ratio
[1] 0.929228

$ch
[1] 52.136

$cwidegap
 [1] 1.0000 0.1695 0.1387 0.1613 0.1655 0.1523 0.1642 0.1620 0.1680 0.1646 0.1617 0.1642 0.1688

$widestgap
[1] 1

$sindex
[1] 0.129508

$corrected.rand
NULL

$vi
NULL
